#OTU ID	S100	S101	S102	S103	S104	S105	S106	S107	S108	S93	S94	S95	S96	S97	S98	S99
OTU_1	576493	73194	29405	26707	3824	627	37	0	0	8892	7197	1160	5480	9282	393	3918
OTU_10	0	260	0	0	0	0	0	0	0	0	0	0	0	0	0	0
OTU_100	2	0	0	0	0	0	0	0	0	0	2	0	0	0	0	0
OTU_101	2	0	0	0	0	0	0	0	0	0	0	0	0	0	0	0
OTU_102	2	0	0	0	0	0	0	0	0	0	0	0	0	0	0	0
OTU_103	2	0	0	0	0	0	0	0	0	0	0	0	0	0	0	0
OTU_104	2	0	0	0	0	0	0	0	0	0	0	0	0	0	0	0
OTU_105	2	0	0	0	0	0	0	0	0	0	0	0	0	0	0	0
OTU_106	2	0	0	0	0	0	0	0	0	0	0	0	0	0	0	0
OTU_107	2	0	0	2	0	0	0	0	0	0	0	0	0	0	0	0
OTU_108	2	0	0	0	0	0	0	0	0	0	0	0	0	0	0	0
OTU_109	6	2	0	2	0	0	0	0	0	2	0	0	0	4	0	0
OTU_11	0	0	0	0	0	0	0	89	0	0	0	0	0	0	0	0
OTU_110	2	0	0	0	0	0	0	0	0	0	0	0	0	0	0	0
OTU_111	2	0	0	0	0	0	0	0	0	0	0	0	0	0	0	0
OTU_112	2	2	0	0	0	0	0	0	0	0	0	0	0	0	0	0
OTU_113	2	0	0	0	0	0	0	0	0	0	0	0	0	0	0	0
OTU_114	4	0	0	0	0	0	0	0	0	0	0	0	0	0	0	0
OTU_115	4	0	0	0	0	0	0	0	0	0	0	0	0	0	0	0
OTU_116	2	0	0	0	0	0	0	0	0	0	0	0	0	0	0	0
OTU_117	4	0	0	0	0	0	0	0	0	0	0	0	0	0	0	0
OTU_118	2	0	0	2	0	0	0	0	0	0	0	0	0	0	0	0
OTU_119	2	0	0	0	0	0	0	0	0	0	0	0	0	0	0	0
OTU_12	0	462	0	0	0	0	0	0	0	0	0	0	0	0	0	0
OTU_120	2	2	2	0	0	0	0	0	0	2	0	0	0	2	0	0
OTU_121	72	86	56	56	10	0	0	0	0	22	10	2	18	22	0	10
OTU_122	288	476	246	262	36	4	0	0	0	112	106	18	76	126	10	66
OTU_123	88	64	66	76	6	4	0	0	0	28	18	6	16	34	2	10
OTU_124	2	0	0	0	0	0	0	0	0	0	0	0	0	0	0	0
OTU_125	2	0	2	0	0	0	0	0	0	0	0	0	0	4	0	0
OTU_126	2	0	0	0	0	0	0	0	0	0	0	0	0	0	0	0
OTU_127	2	0	0	0	0	0	0	0	0	0	0	0	0	0	0	0
OTU_128	2	0	0	0	0	0	0	0	0	0	0	0	0	0	0	0
OTU_129	0	2	0	0	0	0	0	0	0	0	0	0	0	0	0	0
OTU_13	597	111	61	24	4	0	0	0	0	20	7	5	13	14	0	3
OTU_130	0	2	0	0	0	0	0	0	0	0	0	0	0	0	0	0
OTU_131	0	2	0	0	0	0	0	0	0	0	0	0	0	0	0	0
OTU_132	0	2	0	0	0	0	0	0	0	0	0	0	0	0	0	0
OTU_133	0	4	0	0	0	0	0	0	0	0	0	0	0	0	0	0
OTU_134	0	2	0	0	0	0	0	0	0	0	0	0	0	0	0	0
OTU_135	0	2	0	0	0	0	0	0	0	0	0	0	0	0	0	0
OTU_136	0	2	0	0	0	0	0	0	0	0	0	0	0	0	0	0
OTU_137	0	2	0	0	0	0	0	0	0	0	0	0	0	0	0	0
OTU_138	0	2	0	0	0	0	0	0	0	0	0	0	0	0	0	0
OTU_139	0	4	0	0	0	0	0	0	0	0	0	0	0	0	0	0
OTU_14	0	514	0	0	0	0	0	0	0	0	0	0	0	0	21	0
OTU_140	0	2	0	0	0	0	0	0	0	0	0	0	0	0	0	0
OTU_141	0	4	0	0	0	0	0	0	0	0	0	0	0	0	0	0
OTU_142	0	2	0	0	0	0	0	0	0	0	0	0	0	0	0	0
OTU_143	0	2	0	0	0	0	0	0	0	0	0	0	0	0	0	0
OTU_144	0	2	0	0	0	0	0	0	0	0	0	0	0	0	0	0
OTU_145	0	2	0	0	0	0	0	0	0	0	0	0	0	0	0	0
OTU_146	0	2	0	0	0	0	0	0	0	0	0	0	0	0	0	0
OTU_147	0	2	0	0	0	0	0	0	0	0	0	0	0	0	0	0
OTU_148	0	2	0	0	0	0	0	0	0	0	0	0	0	0	0	0
OTU_149	0	2	0	0	0	0	0	0	0	0	0	0	0	0	0	0
OTU_15	0	0	0	0	0	0	0	55	0	0	0	0	0	0	0	0
OTU_150	0	4	0	0	0	0	0	0	0	0	0	0	0	0	0	0
OTU_151	0	2	0	0	0	0	0	0	0	0	0	0	0	0	0	0
OTU_152	0	2	0	0	0	0	0	0	0	0	0	0	0	0	0	0
OTU_153	0	4	0	0	0	0	0	0	0	0	0	0	0	0	0	0
OTU_154	0	2	0	0	0	0	0	0	0	0	0	0	0	0	0	0
OTU_155	0	2	0	0	0	0	0	0	0	0	0	0	0	0	0	0
OTU_156	0	2	0	0	0	0	0	0	0	0	0	0	0	0	0	0
OTU_157	0	2	0	0	0	0	0	0	0	0	0	0	0	0	0	0
OTU_158	0	2	0	0	0	0	0	0	0	0	0	0	0	0	0	0
OTU_159	0	2	0	0	0	0	0	0	0	0	0	0	0	0	0	0
OTU_16	0	0	0	0	0	0	0	0	0	0	0	0	0	0	0	129
OTU_160	0	4	0	0	0	0	0	0	0	0	0	0	0	0	0	0
OTU_161	0	2	0	0	0	0	0	0	0	0	0	0	0	0	0	0
OTU_162	0	2	0	0	0	0	0	0	0	0	0	0	0	0	0	0
OTU_163	0	4	2	0	0	0	0	0	0	0	0	0	0	0	0	0
OTU_164	0	2	0	0	0	0	0	0	0	0	0	0	0	0	0	0
OTU_165	0	2	0	0	0	0	0	0	0	0	0	0	0	0	0	0
OTU_166	0	2	0	2	0	0	0	0	0	0	0	0	0	0	0	0
OTU_167	0	2	0	0	0	0	0	0	0	0	0	0	0	0	0	0
OTU_168	0	2	0	0	0	0	0	0	0	0	0	0	0	0	0	0
OTU_169	0	2	0	0	0	0	0	0	0	0	0	0	0	0	0	0
OTU_17	184	0	0	17	41	0	0	0	0	0	0	0	0	0	6	0
OTU_170	0	2	0	0	0	0	0	0	0	0	0	0	0	0	0	0
OTU_171	0	2	0	0	0	0	0	0	0	0	0	0	0	0	0	0
OTU_172	0	4	0	0	0	0	0	0	0	0	0	0	0	0	0	0
OTU_173	0	8	0	0	0	0	0	0	0	0	0	0	0	0	0	0
OTU_174	0	4	0	2	0	0	0	0	0	0	0	0	0	0	0	0
OTU_175	0	4	0	0	0	0	0	0	0	0	0	0	0	0	0	0
OTU_176	0	2	0	0	0	0	0	0	0	0	0	0	0	0	0	0
OTU_177	0	2	0	0	0	0	0	0	0	0	0	0	0	0	0	0
OTU_178	0	2	0	0	0	0	0	0	0	0	0	0	0	0	0	0
OTU_179	0	2	0	0	0	0	0	0	0	0	0	0	0	0	0	0
OTU_18	0	599	2	0	0	0	0	0	0	0	0	0	0	2	0	0
OTU_180	0	2	0	0	0	0	0	0	0	0	0	0	0	0	0	0
OTU_181	0	2	0	0	0	0	0	0	0	0	0	0	0	0	0	0
OTU_182	0	2	0	0	0	0	0	0	0	0	0	0	0	0	0	0
OTU_183	0	4	0	0	0	0	0	0	0	0	0	0	0	0	0	0
OTU_184	0	2	0	0	0	0	0	0	0	0	0	0	0	0	0	0
OTU_185	0	2	0	0	0	0	0	0	0	0	0	0	0	0	0	0
OTU_186	0	2	0	0	0	0	0	0	0	0	0	0	0	0	0	0
OTU_187	0	2	0	0	0	0	0	0	0	0	0	0	0	0	0	0
OTU_188	0	2	0	0	0	0	0	0	0	0	0	0	0	0	0	0
OTU_189	0	2	0	0	0	0	0	0	0	0	0	0	0	0	0	0
OTU_19	0	0	0	0	0	0	0	0	0	0	0	0	0	0	0	230
OTU_190	0	4	0	0	0	0	0	0	0	0	0	0	0	0	0	0
OTU_191	0	2	0	0	0	0	0	0	0	0	0	0	0	0	0	0
OTU_192	0	54	66	54	8	0	2	0	0	32	14	4	18	20	0	16
OTU_193	0	6	0	0	0	0	0	0	0	0	0	0	0	0	0	0
OTU_194	0	12	10	8	2	0	0	0	0	2	8	0	2	18	2	2
OTU_195	0	2	0	0	0	0	0	0	0	0	0	0	0	0	0	0
OTU_196	0	2	0	4	0	0	0	0	0	0	0	0	0	0	0	0
OTU_197	0	0	2	0	0	0	0	0	0	0	0	0	0	0	0	0
OTU_198	0	0	66	50	12	0	0	0	0	20	18	2	22	36	0	8
OTU_199	0	0	2	0	0	0	0	0	0	0	0	0	0	4	0	0
OTU_2	0	5	0	130	0	0	0	34978	0	0	0	0	0	0	0	0
OTU_20	0	235	0	0	0	0	0	0	0	0	0	0	0	0	0	0
OTU_200	0	0	4	0	0	0	0	0	0	0	0	0	0	0	0	0
OTU_201	0	0	2	0	0	0	0	0	0	0	0	0	0	0	0	0
OTU_202	0	0	4	0	0	0	0	0	0	0	0	0	0	0	0	0
OTU_203	0	0	10	0	0	0	0	0	0	0	0	0	0	0	0	0
OTU_204	0	0	2	0	0	0	0	0	0	0	0	0	0	0	0	0
OTU_205	0	0	8	0	0	0	0	0	0	0	0	0	0	0	0	0
OTU_206	0	0	4	0	0	0	0	0	0	0	0	0	0	0	0	0
OTU_207	0	0	2	0	0	0	0	0	0	0	0	0	0	0	0	0
OTU_208	0	0	12	0	0	0	0	0	0	0	0	0	0	0	0	0
OTU_209	0	0	2	0	0	0	0	0	0	0	2	0	0	2	0	0
OTU_21	0	0	0	0	0	0	0	0	0	0	0	0	0	0	0	94
OTU_210	0	0	2	0	0	0	0	0	0	0	0	0	0	0	0	0
OTU_211	0	0	4	0	0	0	0	0	0	0	0	0	0	0	0	0
OTU_212	0	0	2	0	0	0	0	0	0	0	0	0	0	0	0	0
OTU_213	0	0	2	0	0	0	0	0	0	0	0	0	0	0	0	0
OTU_214	0	0	2	0	0	0	0	0	0	0	0	0	0	0	0	0
OTU_215	0	0	2	0	0	0	0	0	0	0	0	0	0	0	0	0
OTU_216	0	0	2	0	2	0	0	0	0	0	0	0	0	0	0	0
OTU_217	0	0	2	0	0	0	0	0	0	0	0	0	0	0	0	0
OTU_218	0	0	2	0	0	0	0	0	0	0	0	0	0	0	0	0
OTU_219	0	0	2	0	0	0	0	0	0	0	0	0	0	0	0	0
OTU_22	0	124	0	0	0	0	0	0	0	0	0	0	0	0	0	0
OTU_220	0	0	2	0	0	0	0	0	0	0	0	0	0	0	0	0
OTU_221	0	0	2	0	0	0	0	0	0	0	0	0	0	0	0	2
OTU_222	0	0	0	2	0	0	0	0	0	0	0	0	0	0	0	0
OTU_223	0	0	0	2	0	0	0	0	0	0	0	0	0	0	0	0
OTU_224	0	0	0	10	0	0	0	0	0	0	0	0	0	0	0	0
OTU_225	0	0	0	2	0	0	0	0	0	0	0	0	0	0	0	0
OTU_226	0	0	0	2	0	0	0	0	0	0	0	0	0	0	0	0
OTU_227	0	0	0	2	0	0	0	0	0	0	0	0	0	0	0	0
OTU_228	0	0	0	2	0	0	0	0	0	0	0	0	0	0	0	0
OTU_229	0	0	0	2	0	0	0	0	0	0	0	0	0	0	0	0
OTU_23	0	0	0	2	0	0	0	0	0	0	0	0	0	0	0	160
OTU_230	0	0	0	2	0	0	0	0	0	0	0	0	0	0	0	0
OTU_231	0	0	0	2	0	0	0	0	0	0	0	0	0	0	0	0
OTU_232	0	0	0	2	0	0	0	0	0	0	0	0	0	0	0	0
OTU_233	0	0	0	2	0	0	0	0	0	0	0	0	0	0	0	0
OTU_234	0	0	0	4	0	0	0	0	0	0	0	0	0	0	0	0
OTU_235	0	0	0	4	0	0	0	0	0	0	0	0	0	0	0	0
OTU_236	0	0	0	2	0	0	0	0	0	0	0	0	0	0	0	0
OTU_237	0	0	0	2	0	0	0	0	0	0	0	0	0	0	0	0
OTU_238	0	0	0	2	0	0	0	0	0	0	0	0	0	0	0	0
OTU_239	0	0	0	2	0	0	0	0	0	0	0	0	0	0	0	0
OTU_24	0	0	0	0	0	0	0	63	0	0	0	0	0	0	0	0
OTU_240	0	0	0	2	0	0	0	0	0	0	0	0	2	0	0	0
OTU_241	0	0	0	2	0	0	0	0	0	0	0	0	0	0	0	0
OTU_242	0	0	0	2	0	0	0	0	0	0	0	0	0	0	0	0
OTU_243	0	0	0	2	0	0	0	0	0	0	0	0	0	0	0	0
OTU_244	0	0	0	2	0	0	0	0	0	0	0	0	0	0	0	0
OTU_245	0	0	0	2	0	0	0	0	0	0	0	0	0	0	0	0
OTU_246	0	0	0	2	0	0	0	0	0	0	0	0	0	0	0	0
OTU_247	0	0	0	2	0	0	0	0	0	0	0	0	0	0	0	0
OTU_248	0	0	0	2	0	0	0	0	0	0	0	0	0	0	0	0
OTU_249	0	0	0	2	0	0	0	0	0	0	0	0	0	0	0	0
OTU_25	0	0	0	0	0	0	0	0	0	0	0	69	0	0	0	0
OTU_250	0	0	0	2	0	0	0	0	0	0	0	0	0	0	0	0
OTU_251	0	0	0	2	0	0	0	0	0	0	0	0	0	0	0	0
OTU_252	0	0	0	4	0	0	0	0	0	0	0	0	0	0	0	0
OTU_253	0	0	0	2	0	0	0	0	0	0	0	0	0	0	0	0
OTU_254	0	0	0	0	2	0	0	0	0	0	0	0	0	0	0	0
OTU_255	0	0	0	0	2	0	0	0	0	0	0	0	0	0	0	0
OTU_256	0	0	0	0	2	0	0	0	0	0	0	0	0	0	0	0
OTU_257	0	0	0	0	4	0	0	0	0	0	0	0	0	0	0	0
OTU_258	0	0	0	0	2	0	0	0	0	0	0	0	0	0	0	0
OTU_259	0	0	0	0	2	0	0	0	0	0	0	0	0	0	0	0
OTU_26	98	0	0	2	14	0	0	0	0	0	0	0	0	0	2	0
OTU_260	0	0	0	0	2	0	0	0	0	0	0	0	0	0	0	0
OTU_261	0	0	0	0	2	0	0	0	0	0	0	0	0	0	0	0
OTU_262	0	0	0	0	2	0	0	0	0	0	0	0	0	0	0	0
OTU_263	0	0	0	0	2	0	0	0	0	0	0	0	0	0	0	0
OTU_264	0	0	0	0	2	0	0	0	0	0	0	0	0	0	0	0
OTU_265	0	0	0	0	2	0	0	0	0	0	0	0	0	0	0	0
OTU_266	0	0	0	0	2	0	0	0	0	0	0	0	0	0	0	0
OTU_267	0	0	0	0	2	0	0	0	0	0	0	0	0	0	0	0
OTU_268	0	0	0	0	0	2	0	0	0	0	0	0	0	0	0	0
OTU_269	0	0	0	0	0	2	0	0	0	0	0	0	0	0	0	0
OTU_27	0	0	38	0	0	0	0	0	0	0	7	0	2	28	0	0
OTU_270	0	0	0	0	0	2	0	0	0	0	0	0	0	0	0	0
OTU_271	0	0	0	0	0	0	0	126	0	0	0	0	0	0	0	0
OTU_272	0	0	0	0	0	0	0	6	0	0	0	0	0	0	0	0
OTU_273	0	0	0	0	0	0	0	2	0	0	0	0	0	0	0	0
OTU_274	0	0	0	0	0	0	0	2	0	0	0	0	0	0	0	0
OTU_275	0	0	0	0	0	0	0	2	0	0	0	0	0	0	0	0
OTU_276	0	0	0	0	0	0	0	2	0	0	0	0	0	0	0	0
OTU_277	0	0	0	0	0	0	0	22	0	0	0	0	0	0	0	0
OTU_278	0	0	0	0	0	0	0	2	0	0	0	0	0	0	0	0
OTU_279	0	0	0	0	0	0	0	2	0	0	0	0	0	0	0	0
OTU_28	0	0	0	0	0	0	0	33	0	0	0	0	0	0	0	0
OTU_280	0	0	0	0	0	0	0	2	0	0	0	0	0	0	0	0
OTU_281	0	0	0	0	0	0	0	2	0	0	0	0	0	0	0	0
OTU_282	0	0	0	0	0	0	0	0	0	2	0	0	0	0	0	0
OTU_283	0	0	0	0	0	0	0	0	0	2	0	0	0	0	0	0
OTU_284	0	0	0	0	0	0	0	0	0	4	0	0	0	0	0	0
OTU_285	0	0	0	0	0	0	0	0	0	2	0	0	0	0	0	0
OTU_286	0	0	0	0	0	0	0	0	0	2	0	0	0	0	0	0
OTU_287	0	0	0	0	0	0	0	0	0	2	0	0	0	0	0	0
OTU_288	0	0	0	0	0	0	0	0	0	2	0	0	0	0	0	0
OTU_289	0	0	0	0	0	0	0	0	0	2	0	0	0	0	0	0
OTU_29	0	55	0	0	0	0	0	0	0	0	0	0	0	0	0	0
OTU_290	0	0	0	0	0	0	0	0	0	2	0	0	0	0	0	0
OTU_291	0	0	0	0	0	0	0	0	0	2	0	0	0	0	0	0
OTU_292	0	0	0	0	0	0	0	0	0	0	2	0	0	0	0	0
OTU_293	0	0	0	0	0	0	0	0	0	0	2	0	0	0	0	0
OTU_294	0	0	0	0	0	0	0	0	0	0	2	0	0	0	0	0
OTU_295	0	0	0	0	0	0	0	0	0	0	2	0	0	0	0	0
OTU_296	0	0	0	0	0	0	0	0	0	0	2	0	0	0	0	0
OTU_297	0	0	0	0	0	0	0	0	0	0	2	0	0	0	0	0
OTU_298	0	0	0	0	0	0	0	0	0	0	2	0	0	0	0	0
OTU_299	0	0	0	0	0	0	0	0	0	0	2	0	0	0	0	0
OTU_3	47391	9	0	6454	11303	0	0	0	0	0	0	0	0	0	3832	0
OTU_30	28	0	0	7	6	0	0	0	0	0	0	0	0	0	3	0
OTU_300	0	0	0	0	0	0	0	0	0	0	2	0	0	0	0	0
OTU_301	0	0	0	0	0	0	0	0	0	0	2	0	0	0	0	0
OTU_302	0	0	0	0	0	0	0	0	0	0	2	0	0	0	0	0
OTU_303	0	0	0	0	0	0	0	0	0	0	2	0	0	0	0	0
OTU_304	0	0	0	0	0	0	0	0	0	0	0	0	2	0	0	0
OTU_305	0	0	0	0	0	0	0	0	0	0	0	0	2	0	0	0
OTU_306	0	0	0	0	0	0	0	0	0	0	0	0	2	0	0	0
OTU_307	0	0	0	0	0	0	0	0	0	0	0	0	2	0	0	0
OTU_308	0	0	0	0	0	0	0	0	0	0	0	0	2	0	0	0
OTU_309	0	0	0	0	0	0	0	0	0	0	0	0	2	0	0	0
OTU_31	0	0	54	0	0	0	0	0	0	0	0	0	0	0	0	0
OTU_310	0	0	0	0	0	0	0	0	0	0	0	0	2	0	0	0
OTU_311	0	0	0	0	0	0	0	0	0	0	0	0	2	0	0	0
OTU_312	0	0	0	0	0	0	0	0	0	0	0	0	2	0	0	0
OTU_313	0	0	0	0	0	0	0	0	0	0	0	0	2	0	0	0
OTU_314	0	0	0	0	0	0	0	0	0	0	0	0	2	0	0	0
OTU_315	0	0	0	0	0	0	0	0	0	0	0	0	0	2	0	0
OTU_316	0	0	0	0	0	0	0	0	0	0	0	0	0	2	0	0
OTU_317	0	0	0	0	0	0	0	0	0	0	0	0	0	4	0	0
OTU_318	0	0	0	0	0	0	0	0	0	0	0	0	0	2	0	0
OTU_319	0	0	0	0	0	0	0	0	0	0	0	0	0	2	0	0
OTU_32	37	0	0	0	4	0	0	0	0	0	0	0	0	0	0	0
OTU_320	0	0	0	0	0	0	0	0	0	0	0	0	0	2	0	0
OTU_321	0	0	0	0	0	0	0	0	0	0	0	0	0	2	0	0
OTU_322	0	0	0	0	0	0	0	0	0	0	0	0	0	4	0	0
OTU_323	0	0	0	0	0	0	0	0	0	0	0	0	0	2	0	0
OTU_324	0	0	0	0	0	0	0	0	0	0	0	0	0	2	0	0
OTU_325	0	0	0	0	0	0	0	0	0	0	0	0	0	2	0	0
OTU_326	0	0	0	0	0	0	0	0	0	0	0	0	0	2	0	0
OTU_327	0	0	0	0	0	0	0	0	0	0	0	0	0	2	0	0
OTU_328	0	0	0	0	0	0	0	0	0	0	0	0	0	2	0	0
OTU_329	0	0	0	0	0	0	0	0	0	0	0	0	0	2	0	0
OTU_33	0	0	18	0	0	0	0	0	0	0	0	0	0	0	0	0
OTU_330	0	0	0	0	0	0	0	0	0	0	0	0	0	2	0	0
OTU_331	0	0	0	0	0	0	0	0	0	0	0	0	0	2	0	0
OTU_332	0	0	0	0	0	0	0	0	0	0	0	0	0	2	0	0
OTU_333	0	0	0	0	0	0	0	0	0	0	0	0	0	0	2	0
OTU_334	0	0	0	0	0	0	0	0	0	0	0	0	0	0	2	0
OTU_335	0	0	0	0	0	0	0	0	0	0	0	0	0	0	2	0
OTU_336	0	0	0	0	0	0	0	0	0	0	0	0	0	0	2	0
OTU_337	0	0	0	0	0	0	0	0	0	0	0	0	0	0	2	0
OTU_338	0	0	0	0	0	0	0	0	0	0	0	0	0	0	0	2
OTU_339	0	0	0	0	0	0	0	0	0	0	0	0	0	0	0	2
OTU_34	0	0	0	0	0	0	0	36	0	0	0	0	0	0	0	0
OTU_340	0	0	0	0	0	0	0	0	0	0	0	0	0	0	0	2
OTU_341	0	0	0	0	0	0	0	0	0	0	0	0	0	0	0	2
OTU_342	0	0	0	0	0	0	0	0	0	0	0	0	0	0	0	2
OTU_343	0	0	0	0	0	0	0	0	0	0	0	0	0	0	0	2
OTU_344	0	0	0	0	0	0	0	0	0	0	0	0	0	0	0	2
OTU_345	0	0	0	0	0	0	0	0	0	0	0	0	0	0	0	2
OTU_346	0	0	0	0	0	0	0	0	0	0	0	0	0	0	0	2
OTU_347	0	0	0	0	0	0	0	0	0	0	0	0	0	0	0	2
OTU_348	0	0	0	0	0	0	0	0	0	0	0	0	0	0	0	2
OTU_349	0	0	0	0	0	0	0	0	0	0	0	0	0	0	0	2
OTU_35	12	0	0	0	0	0	0	0	0	0	0	0	5	0	0	0
OTU_350	0	0	0	0	0	0	0	0	0	0	0	0	0	0	0	2
OTU_351	0	0	0	0	0	0	0	0	0	0	0	0	0	0	0	2
OTU_352	0	0	0	0	0	0	0	0	0	0	0	0	0	0	0	2
OTU_353	0	0	0	0	0	0	0	0	0	0	0	0	0	0	0	2
OTU_354	0	0	0	0	0	0	0	0	0	0	0	0	0	0	0	14
OTU_355	0	0	0	0	0	0	0	0	0	0	0	0	0	0	0	2
OTU_356	0	0	0	0	0	0	0	0	0	0	0	0	0	0	0	2
OTU_357	0	0	0	0	0	0	0	0	0	0	0	0	0	0	0	2
OTU_358	0	0	0	0	0	0	0	0	0	0	0	0	0	0	0	4
OTU_359	0	0	0	0	0	0	0	0	0	0	0	0	0	0	0	2
OTU_36	0	0	0	25	26	0	0	0	0	0	0	0	0	0	7	0
OTU_360	0	0	0	0	0	0	0	0	0	0	0	0	0	0	0	2
OTU_361	0	0	0	0	0	0	0	0	0	0	0	0	0	0	0	6
OTU_362	0	0	0	0	0	0	0	0	0	0	0	0	0	0	0	2
OTU_363	0	0	0	0	0	0	0	0	0	0	0	0	0	0	0	2
OTU_364	0	0	0	0	0	0	0	0	0	0	0	0	0	0	0	2
OTU_365	0	0	0	0	0	0	0	0	0	0	0	0	0	0	0	4
OTU_366	0	0	0	0	0	0	0	0	0	0	0	0	0	0	0	2
OTU_367	0	0	0	0	0	0	0	0	0	0	0	0	0	0	0	2
OTU_37	0	0	0	0	0	0	0	20	0	0	0	0	0	0	0	0
OTU_38	0	0	0	0	0	0	0	0	0	0	0	0	0	0	0	30
OTU_39	31	0	0	0	0	0	0	0	0	0	0	0	0	0	0	0
OTU_4	0	15084	0	0	0	0	0	0	0	0	0	0	0	0	0	0
OTU_40	0	46	0	0	0	0	0	0	0	0	0	0	0	0	0	0
OTU_41	0	0	0	0	0	0	0	0	0	0	0	0	0	0	0	31
OTU_42	36	0	0	10	9	0	0	0	0	0	0	0	0	0	2	0
OTU_43	0	0	26	0	0	0	0	0	0	0	0	0	0	0	0	0
OTU_44	0	0	0	16	15	0	0	0	0	0	0	0	0	0	4	0
OTU_45	22	0	0	6	2	0	0	0	0	0	0	0	0	0	0	0
OTU_46	6	0	6	0	0	0	0	0	0	0	0	0	0	0	0	0
OTU_47	0	65	0	0	0	0	0	0	0	0	0	0	0	0	0	0
OTU_48	0	23	0	0	0	0	0	0	0	0	0	0	0	0	0	0
OTU_49	0	0	0	0	19	0	0	0	0	0	0	0	0	0	0	0
OTU_5	0	1703	0	421	42	0	0	0	0	0	0	0	0	0	2	0
OTU_50	0	0	0	0	0	0	0	0	0	0	0	0	0	0	0	46
OTU_51	0	0	0	0	0	0	0	0	0	0	0	4	0	0	0	30
OTU_52	25	10	6	10	8	0	0	0	0	0	0	0	0	0	2	0
OTU_53	7	0	0	0	0	0	0	0	0	0	0	0	0	0	0	0
OTU_54	16	0	0	6	0	0	0	0	0	0	0	0	0	0	0	0
OTU_55	13	0	0	5	0	0	0	0	0	0	0	0	0	0	0	0
OTU_56	277	151	78	76	9	0	0	0	0	39	35	4	20	49	0	28
OTU_57	23	0	2	4	0	0	0	0	0	0	0	0	0	0	0	0
OTU_58	0	0	0	28	0	0	0	0	0	0	0	0	0	0	0	0
OTU_59	0	0	0	0	0	0	0	15	0	0	0	0	0	0	0	0
OTU_6	0	0	0	0	0	0	0	0	0	0	0	0	0	0	0	1315
OTU_60	0	0	0	0	0	0	0	0	17	0	0	0	0	0	0	0
OTU_61	12	0	0	0	0	0	0	0	0	0	0	0	0	0	0	0
OTU_62	0	0	0	4	0	0	0	0	0	0	0	0	0	0	0	0
OTU_63	12	16	9	14	3	0	0	0	0	4	9	0	2	0	0	0
OTU_64	0	0	0	0	7	0	0	0	0	0	0	0	0	0	0	0
OTU_65	0	0	0	0	0	0	0	4	0	0	0	0	0	0	0	0
OTU_66	2	0	0	0	0	0	0	0	0	0	0	0	15	2	0	0
OTU_67	0	0	0	0	0	0	0	0	0	0	0	0	0	0	0	6
OTU_68	0	0	0	0	0	0	0	0	0	0	0	0	0	0	0	16
OTU_69	9	0	0	5	5	0	0	0	0	0	0	0	0	0	0	0
OTU_7	0	0	0	0	0	0	0	18	203	0	0	0	0	0	0	0
OTU_70	3	0	5	0	2	0	0	0	0	0	0	0	0	0	0	0
OTU_71	0	3	0	0	2	0	0	0	0	0	0	0	0	0	0	0
OTU_72	0	3	0	2	0	0	0	0	0	0	0	0	0	0	0	0
OTU_73	0	23	0	0	0	0	0	0	0	0	0	0	0	0	0	0
OTU_74	820	716	713	688	109	13	3	0	0	219	192	41	144	319	6	70
OTU_75	0	0	24	0	0	0	0	0	0	0	0	0	0	0	0	0
OTU_76	0	0	3	0	0	0	0	0	0	0	0	0	0	0	0	0
OTU_77	0	0	5	0	0	0	0	0	0	0	0	0	0	0	0	0
OTU_78	0	0	10	0	0	0	0	0	0	0	0	0	0	0	0	0
OTU_79	0	0	5	0	0	0	0	0	0	0	0	0	0	0	0	0
OTU_8	0	0	836	0	0	0	0	0	0	0	0	0	0	0	0	0
OTU_80	0	0	5	0	0	0	0	0	0	0	0	0	0	0	0	0
OTU_81	0	0	0	3	0	0	0	0	0	0	0	0	0	0	0	0
OTU_82	0	0	0	13	0	0	0	0	0	0	0	0	0	0	0	0
OTU_83	0	0	0	7	0	0	0	0	0	0	0	0	0	0	0	0
OTU_84	0	0	0	3	0	0	0	0	0	0	0	0	0	0	2	0
OTU_85	2	0	0	0	20	0	0	0	0	0	0	0	0	0	2	0
OTU_86	0	0	0	2	5	0	0	0	0	0	0	0	0	0	0	0
OTU_87	0	0	0	2	13	0	0	0	0	0	0	0	0	0	4	0
OTU_88	2	0	0	0	3	0	0	0	0	0	0	0	0	0	2	0
OTU_89	0	0	0	0	0	0	0	6	0	0	0	0	0	0	0	0
OTU_9	0	0	717	0	0	0	0	0	0	0	0	0	0	0	0	0
OTU_90	0	0	0	0	0	0	0	6	0	0	0	0	0	0	0	0
OTU_91	0	0	0	0	0	0	0	0	0	0	0	0	0	0	0	32
OTU_92	0	0	0	0	0	0	0	0	0	0	0	0	0	0	0	15
OTU_93	0	0	0	0	0	0	0	0	0	0	0	0	0	0	0	5
OTU_94	0	0	0	0	0	0	0	0	0	0	0	0	0	0	0	5
OTU_95	0	0	0	0	0	0	0	0	0	0	0	0	0	0	0	11
OTU_96	0	0	0	0	0	0	0	0	0	0	0	0	0	0	0	3
OTU_97	2	0	0	0	0	0	0	0	0	0	0	0	0	0	0	0
OTU_98	32	0	0	0	0	0	0	0	0	0	0	0	0	0	0	0
OTU_99	2	0	0	0	0	0	0	0	0	0	0	0	0	0	0	0
